       -0.561167E-01        0.154339E+02       -0.215178E-01        0.125725E+02       -0.618292E-01
       -0.533109E-01        0.123698E+02        0.175567E+00        0.149293E+02       -0.185712E+00
       -0.505050E-01        0.526019E+01        0.469907E-01        0.567251E+01       -0.332070E-01
       -0.476992E-01        0.173137E+02       -0.235924E+00        0.135312E+02        0.171568E+00
       -0.448934E-01        0.965314E+01        0.339762E-01        0.137615E+02       -0.165842E-01
       -0.420875E-01        0.235101E+01        0.297061E-01        0.513415E+01       -0.209178E-01
       -0.392817E-01        0.149415E+02       -0.141001E+00        0.115604E+02        0.136144E+00
       -0.364759E-01        0.747658E+01        0.229015E-01        0.648143E+01       -0.209785E-01
       -0.336700E-01        0.229033E+01        0.154106E+00        0.460160E+01       -0.180978E+00
       -0.308642E-01        0.102054E+02       -0.154344E-01        0.681642E+01       -0.234444E-03
       -0.280584E-01        0.883053E+01       -0.362626E-01        0.102751E+02        0.292757E-01
       -0.252525E-01        0.102584E+01       -0.309135E-01        0.385123E+01        0.265609E-01
       -0.224467E-01        0.658579E+01        0.547501E-01        0.768855E+01       -0.495620E-01
       -0.196409E-01        0.717457E+01       -0.322571E-01        0.222796E+01        0.393338E-01
       -0.168350E-01        0.853032E+00        0.153280E-01        0.765470E+00       -0.159041E-01
       -0.140292E-01        0.248815E+01       -0.125137E+00        0.372309E+01        0.131780E+00
       -0.112233E-01        0.527064E+01        0.184910E+00        0.478100E+01       -0.185122E+00
       -0.841751E-02        0.867942E+00        0.223361E-01        0.101338E+01       -0.223226E-01
       -0.561167E-02       -0.109499E+00        0.128530E-03        0.345147E+01       -0.974061E-04
       -0.280584E-02        0.449984E+00        0.322716E-03        0.627315E+00       -0.323850E-03
        0.000000E+00        0.239023E+00        0.219247E-17        0.240255E+00        0.392608E-12
        0.280583E-02        0.462514E+00       -0.115629E-04        0.671360E+00        0.137531E-04
        0.561167E-02       -0.110904E+00        0.662109E-04        0.371856E+01       -0.112124E-03
        0.841751E-02        0.776342E+00       -0.300815E-02        0.961403E+00        0.300974E-02
        0.112233E-01        0.479565E+01       -0.731508E-01        0.489631E+01        0.729885E-01
        0.140292E-01        0.286062E+01       -0.189969E+00        0.440906E+01        0.200748E+00
        0.168350E-01        0.769497E+00        0.245131E-01        0.852984E+00       -0.260740E-01
        0.196409E-01        0.747557E+01        0.223043E-01        0.236028E+01       -0.238096E-01
        0.224467E-01        0.624396E+01        0.373708E-01        0.716361E+01       -0.324208E-01
        0.252525E-01        0.897508E+00       -0.216437E-01        0.381842E+01        0.186168E-01
        0.280584E-01        0.854434E+01       -0.104764E-01        0.110299E+02        0.157632E-01
        0.308642E-01        0.106041E+02       -0.217747E-01        0.724577E+01        0.299779E-01
        0.336700E-01        0.193935E+01       -0.111964E+00        0.499409E+01        0.131520E+00
        0.364759E-01        0.753756E+01       -0.701017E-01        0.653370E+01        0.684195E-01
        0.392817E-01        0.160305E+02        0.318401E+00        0.102955E+02       -0.331689E+00
        0.420875E-01        0.257831E+01        0.698015E-01        0.511054E+01       -0.595227E-01
        0.448934E-01        0.885203E+01        0.194955E-01        0.141727E+02       -0.161844E-01
        0.476992E-01        0.170620E+02       -0.653171E-01        0.130164E+02        0.293295E-02
        0.505050E-01        0.493716E+01        0.527459E-02        0.577318E+01       -0.816524E-02
        0.533109E-01        0.124082E+02        0.110807E+00        0.145618E+02       -0.140558E+00
