       -0.561167E-01        0.132295E+02       -0.669727E-01        0.124771E+02        0.407847E-01
       -0.523756E-01        0.129667E+02       -0.803049E-01        0.113911E+02        0.611042E-01
       -0.486345E-01        0.114838E+02        0.402028E-01        0.113466E+02       -0.645714E-01
       -0.448934E-01        0.109222E+02        0.701711E-01        0.118532E+02       -0.586898E-01
       -0.411523E-01        0.100998E+02       -0.400094E-01        0.116957E+02        0.395689E-01
       -0.374111E-01        0.898906E+01       -0.884411E-01        0.105900E+02        0.999598E-01
       -0.336700E-01        0.845791E+01        0.423184E-01        0.873828E+01       -0.403712E-01
       -0.299289E-01        0.773188E+01       -0.930871E-01        0.787486E+01        0.958268E-01
       -0.261878E-01        0.660086E+01       -0.860311E-03        0.661284E+01       -0.167430E-01
       -0.224467E-01        0.570274E+01       -0.566570E-01        0.565496E+01        0.494492E-01
       -0.187056E-01        0.479933E+01       -0.633677E-01        0.477372E+01        0.597400E-01
       -0.149645E-01        0.395254E+01       -0.264678E-01        0.432698E+01        0.227711E-01
       -0.112233E-01        0.275926E+01        0.612567E-01        0.303600E+01       -0.562233E-01
       -0.748223E-02        0.203620E+01        0.450595E-01        0.185037E+01       -0.469333E-01
       -0.374111E-02        0.107172E+01       -0.128411E-01        0.886193E+00        0.127793E-01
        0.000000E+00        0.281848E+00       -0.281247E-15        0.280896E+00        0.403979E-11
        0.374112E-02        0.967265E+00       -0.232580E-01        0.939033E+00        0.235826E-01
        0.748223E-02        0.196380E+01        0.788355E-01        0.225323E+01       -0.761537E-01
        0.112233E-01        0.282067E+01        0.150758E-01        0.339919E+01       -0.144270E-01
        0.149645E-01        0.395712E+01       -0.201245E-01        0.398627E+01        0.256557E-01
        0.187056E-01        0.477776E+01        0.342887E-01        0.494861E+01       -0.331489E-01
        0.224467E-01        0.532334E+01        0.293651E-01        0.527627E+01       -0.354190E-01
        0.261878E-01        0.708906E+01        0.127635E-01        0.652599E+01       -0.217193E-01
        0.299289E-01        0.729752E+01        0.799452E-01        0.747754E+01       -0.745950E-01
        0.336700E-01        0.878248E+01       -0.280725E-01        0.872188E+01        0.287358E-01
        0.374111E-01        0.874661E+01       -0.107329E+00        0.105900E+02        0.962449E-01
        0.411523E-01        0.104122E+02        0.274178E-01        0.117053E+02       -0.246190E-02
        0.448934E-01        0.111050E+02        0.608569E-01        0.116135E+02       -0.922850E-01
        0.486345E-01        0.114381E+02        0.270529E-01        0.114233E+02       -0.918590E-02
        0.523756E-01        0.135683E+02        0.739044E-01        0.114129E+02       -0.971339E-01
