       -0.561167E-01        0.152245E+02       -0.761340E-01        0.124079E+02        0.682691E-01
       -0.523756E-01        0.898332E+01        0.193047E+00        0.118254E+02       -0.217911E+00
       -0.486345E-01        0.152882E+02        0.414990E-01        0.106138E+02       -0.306956E-01
       -0.448934E-01        0.979333E+01       -0.332584E-01        0.144001E+02        0.450334E-01
       -0.411523E-01        0.473600E+01        0.251125E-01        0.523025E+01       -0.113182E-01
       -0.374111E-01        0.129578E+02       -0.195400E-01        0.104978E+02        0.826496E-02
       -0.336700E-01        0.201339E+01       -0.575704E-01        0.464802E+01        0.656315E-01
       -0.299289E-01        0.146661E+02        0.265231E-01        0.114383E+02       -0.339183E-01
       -0.261878E-01        0.690360E+00       -0.762174E-02        0.312419E+01        0.627250E-02
       -0.224467E-01        0.650121E+01        0.103346E-01        0.748057E+01       -0.136880E-01
       -0.187056E-01        0.439678E+01       -0.306255E-01        0.103741E+01        0.342041E-01
       -0.149645E-01        0.237948E+01        0.605468E-01        0.364998E+01       -0.639673E-01
       -0.112233E-01        0.502981E+01       -0.742303E-01        0.490744E+01        0.743366E-01
       -0.748223E-02        0.164701E+00       -0.938024E-03        0.117438E+01        0.941826E-03
       -0.374111E-02        0.374231E+00       -0.471626E-04        0.159848E+01        0.337773E-04
        0.000000E+00        0.241137E+00       -0.158317E-18        0.242425E+00        0.363831E-12
        0.374112E-02        0.374562E+00       -0.731543E-04        0.161268E+01        0.629645E-04
        0.748223E-02        0.161455E+00        0.793577E-03        0.115093E+01       -0.756052E-03
        0.112233E-01        0.509696E+01        0.815596E-02        0.472495E+01       -0.806844E-02
        0.149645E-01        0.251447E+01       -0.196543E-01        0.374576E+01        0.207768E-01
        0.187056E-01        0.458615E+01        0.240073E-02        0.989363E+00       -0.239049E-02
        0.224467E-01        0.613284E+01        0.714995E-01        0.757656E+01       -0.671665E-01
        0.261878E-01        0.698493E+00       -0.154034E-01        0.325208E+01        0.127199E-01
        0.299289E-01        0.147272E+02        0.344768E-01        0.107468E+02       -0.155681E-01
        0.336700E-01        0.202065E+01       -0.249648E-01        0.474882E+01        0.286428E-01
        0.374111E-01        0.130023E+02       -0.142209E+00        0.105102E+02        0.152622E+00
        0.411523E-01        0.480795E+01       -0.259039E-01        0.521611E+01        0.882120E-02
        0.448934E-01        0.969704E+01        0.522873E-01        0.144237E+02       -0.649783E-01
        0.486345E-01        0.154288E+02        0.668447E-01        0.110159E+02       -0.444205E-01
        0.523756E-01        0.911790E+01       -0.819020E-01        0.119832E+02        0.105859E+00
